center_x: 995
center_y: 650
height: 1088
polynomial: [0.017202434886239182, 1.5260279046208467, -0.0016300819014272716, 8.708085804333255e-07,
  -1.8052974322131766e-10]
width: 2048

