center_x: 995
center_y: 650
height: 1088
polynomial: [-0.0028947189687920094, 1.484585008456552, -0.0014117457077643322, 5.150690981743235e-07,
  2.8034030626729023e-12]
width: 2048

